1:ItNr	2:Metric	3a:Time	3b:StepSize	4:||Gradient||	ExactMetric0	Time[ms]
0	-1.211244	0.000000	1393.623550	0.003521	-1.208258	386.8
1	-1.204844	0.000000	1393.623550	0.007455	-1.160337	36.3
2	-1.172434	1.000000	1330.277025	0.011630	-1.161434	32.6
3	-1.174842	2.000000	1272.438894	0.010833	-1.180036	31.8
4	-1.191217	3.000000	1219.420607	0.011101	-1.166921	35.4
5	-1.191154	4.000000	1170.643782	0.010248	-1.196722	32.3
6	-1.205753	5.000000	1125.619021	0.010070	-1.175647	30.6
7	-1.189314	6.000000	1083.929428	0.010093	-1.200271	38.0
8	-1.220291	7.000000	1045.217663	0.009264	-1.192377	28.9
9	-1.193048	8.000000	1009.175674	0.009454	-1.199388	36.1
10	-1.198195	9.000000	975.536485	0.008898	-1.200432	28.6
11	-1.204906	10.000000	944.067566	0.010020	-1.189566	30.1
12	-1.192606	11.000000	914.565455	0.011099	-1.191773	33.9
13	-1.197277	12.000000	886.851350	0.010829	-1.194408	42.1
14	-1.177919	13.000000	860.767487	0.010692	-1.196332	31.0
15	-1.198317	14.000000	836.174130	0.009861	-1.206811	34.1
16	-1.207421	15.000000	812.947071	0.009278	-1.202636	34.4
17	-1.216022	16.000000	790.975529	0.010056	-1.203044	40.0
18	-1.229307	17.000000	770.160383	0.010736	-1.200224	24.8
19	-1.215922	18.000000	750.412681	0.009670	-1.213272	33.7
20	-1.217575	19.000000	731.652364	0.008139	-1.212428	41.4
21	-1.212691	20.000000	713.807184	0.008339	-1.214022	40.0
22	-1.217092	21.000000	696.811775	0.009035	-1.209292	36.1
23	-1.230022	22.000000	680.606850	0.009631	-1.211958	28.9
24	-1.219538	23.000000	665.138513	0.008812	-1.216343	32.2
25	-1.236072	24.000000	650.357657	0.008611	-1.214329	42.3
26	-1.206632	25.000000	636.219447	0.007986	-1.219918	31.0
27	-1.202067	26.000000	622.682863	0.006547	-1.222340	26.2
28	-1.231937	27.000000	609.710303	0.006242	-1.222003	30.6
29	-1.231688	28.000000	597.267236	0.007112	-1.219842	33.3
30	-1.231840	29.000000	585.321891	0.007106	-1.223005	37.4
31	-1.213464	30.000000	573.844991	0.006317	-1.223628	33.5
32	-1.219390	31.000000	562.809511	0.006095	-1.224363	44.8
33	-1.237658	32.000000	552.190463	0.006125	-1.224790	28.0
34	-1.226867	33.000000	541.964714	0.005584	-1.226067	34.3
35	-1.191976	34.000000	532.110810	0.004770	-1.227176	34.0
36	-1.249235	35.000000	522.608831	0.005193	-1.225943	41.5
37	-1.233116	36.000000	513.440255	0.005514	-1.227081	32.2
38	-1.246356	37.000000	504.587837	0.005322	-1.226874	44.7
39	-1.245943	38.000000	496.035501	0.005301	-1.227821	36.0
40	-1.222735	39.000000	487.768243	0.004290	-1.229215	30.9
41	-1.232162	40.000000	479.772042	0.003718	-1.228831	32.7
42	-1.229333	41.000000	472.033783	0.003946	-1.229325	33.6
43	-1.229183	42.000000	464.541183	0.003523	-1.230432	41.5
44	-1.232019	43.000000	457.282727	0.002389	-1.230796	33.8
45	-1.213504	44.000000	450.247609	0.002000	-1.231237	34.4
46	-1.212612	45.000000	443.425675	0.001262	-1.231375	40.7
47	-1.235515	45.880398	437.588523	0.001674	-1.231478	33.1
48	-1.252634	45.735622	438.537826	0.002435	-1.231184	36.0
49	-1.226591	46.735622	432.063569	0.002309	-1.231414	33.6
50	-1.236343	47.735622	425.777694	0.002938	-1.230818	32.7
51	-1.251196	48.735622	419.672095	0.003713	-1.230590	35.3
52	-1.252682	49.735622	413.739128	0.003250	-1.231384	40.0
53	-1.206322	50.735622	407.971574	0.001981	-1.231942	23.6
54	-1.206215	51.735622	402.362608	0.001998	-1.232133	32.7
55	-1.243885	52.735622	396.905780	0.001626	-1.231969	33.3
56	-1.235395	53.735621	391.594986	0.002316	-1.231744	39.5
57	-1.226920	54.735621	386.424434	0.004110	-1.230589	39.2
58	-1.241577	55.735621	381.388644	0.003629	-1.232086	33.2
59	-1.251015	56.735621	376.482417	0.002626	-1.232193	41.4
60	-1.242217	57.735621	371.700815	0.002734	-1.231923	35.4
61	-1.217834	58.735621	367.039149	0.002556	-1.232360	33.3
62	-1.239217	59.735621	362.492963	0.002462	-1.232656	40.1
63	-1.257792	60.735621	358.058018	0.002660	-1.232295	28.2
64	-1.232019	61.735621	353.730281	0.002484	-1.232649	25.1
65	-1.247617	62.735621	349.505911	0.002346	-1.232738	29.3
66	-1.234042	63.735621	345.381247	0.001652	-1.232863	31.1
67	-1.272091	64.735621	341.352802	0.002152	-1.232735	33.2
68	-1.214097	65.729019	337.442933	0.001840	-1.232925	35.8
69	-1.234239	66.729019	333.596510	0.002090	-1.233056	40.3
70	-1.227824	67.729019	329.836787	0.001704	-1.232822	34.9
71	-1.250179	68.699149	326.269480	0.002812	-1.232803	35.4
72	-1.220741	69.699149	322.672208	0.002753	-1.233103	43.1
73	-1.240897	70.699149	319.153394	0.002100	-1.232995	36.7
74	-1.234523	71.699149	315.710500	0.002460	-1.233298	38.9
75	-1.238094	72.699149	312.341094	0.002180	-1.233356	33.5
76	-1.208379	73.699149	309.042848	0.001826	-1.233361	29.6
77	-1.238857	74.699149	305.813531	0.001698	-1.233509	33.8
78	-1.229281	75.690387	302.678431	0.001436	-1.233551	35.4
79	-1.251440	75.775208	302.413142	0.002112	-1.233196	42.9
80	-1.246082	75.631016	302.864398	0.002676	-1.233496	31.7
81	-1.231558	76.631016	299.762265	0.002051	-1.233541	30.7
82	-1.246075	77.631016	296.723036	0.001765	-1.233503	33.0
83	-1.226535	78.631016	293.744816	0.002176	-1.233745	32.0
84	-1.214266	79.631016	290.825788	0.002006	-1.233669	39.1
85	-1.235050	80.631012	287.964216	0.001869	-1.233845	30.5
86	-1.252554	81.631012	285.158395	0.001776	-1.233748	46.3
87	-1.238200	82.630860	282.407137	0.002124	-1.233871	32.3
88	-1.233217	83.630860	279.708056	0.001984	-1.233914	34.8
89	-1.244711	84.630860	277.060079	0.001347	-1.234001	38.3
90	-1.246257	85.630795	274.461937	0.001744	-1.234003	37.5
91	-1.231877	85.483216	274.842325	0.001580	-1.233962	37.3
92	-1.243341	86.483216	272.285253	0.001783	-1.233966	33.3
93	-1.225618	87.483216	269.775323	0.001657	-1.233968	41.2
94	-1.232715	88.482581	267.312793	0.001549	-1.234046	35.1
95	-1.251462	89.482581	264.893293	0.001609	-1.234173	35.3
96	-1.225095	90.482540	262.517292	0.002173	-1.233861	41.3
97	-1.235771	90.335794	262.863303	0.002557	-1.234152	31.5
98	-1.238738	91.335794	260.523325	0.002166	-1.234153	43.2
99	-1.239694	92.335794	258.224639	0.002394	-1.234151	34.8
