1:ItNr	2:Metric	3a:Time	3b:StepSize	4:||Gradient||	ExactMetric0	Time[ms]
0	-0.980897	0.000000	3548.784651	0.003005	-0.948822	1112.5
1	-0.977001	0.000000	3548.784651	0.008271	-0.859581	86.5
2	-0.851273	1.000000	3387.476257	0.005612	-0.944155	91.5
3	-0.968539	2.000000	3240.194681	0.005656	-0.949381	87.5
4	-0.942592	1.719229	3280.238012	0.005825	-0.934096	76.5
5	-0.950478	2.719229	3141.943548	0.005890	-0.950295	79.2
6	-0.951882	3.719229	3014.838306	0.005747	-0.944427	95.3
7	-0.946144	4.719229	2897.617128	0.006565	-0.934358	84.7
8	-0.932205	5.719229	2789.170242	0.006885	-0.942339	78.0
9	-0.956088	6.719229	2688.548026	0.006594	-0.943395	84.5
10	-0.952014	7.719229	2594.933115	0.006858	-0.940220	77.0
11	-0.954439	8.719229	2507.618160	0.006099	-0.957690	76.3
12	-0.969651	9.719229	2425.987915	0.007182	-0.929152	78.2
13	-0.943349	10.719229	2349.504722	0.007565	-0.946469	128.7
14	-0.949900	11.719229	2277.696650	0.006443	-0.954387	90.0
15	-0.964040	12.719229	2210.147755	0.006712	-0.949507	102.2
16	-0.944487	13.719229	2146.490011	0.006484	-0.959047	85.6
17	-0.949486	14.719229	2086.396608	0.006395	-0.953914	79.5
18	-0.949775	15.719229	2029.576335	0.006314	-0.962788	78.4
19	-0.963134	16.719229	1975.768863	0.006051	-0.962723	87.0
20	-0.976073	17.719229	1924.740758	0.006067	-0.964470	84.3
21	-0.972803	18.719229	1876.282094	0.006429	-0.958912	98.3
22	-0.950623	19.719229	1830.203567	0.007007	-0.961014	110.8
23	-0.970842	20.719229	1786.334022	0.006484	-0.962279	88.4
24	-0.976336	21.719229	1744.518332	0.006434	-0.967980	78.7
25	-0.980317	22.719229	1704.615562	0.006497	-0.963452	87.0
26	-0.972275	23.719229	1666.497383	0.006421	-0.970371	79.4
27	-0.978419	24.719229	1630.046695	0.006081	-0.969488	85.9
28	-0.986652	25.719229	1595.156420	0.006302	-0.967476	77.0
29	-0.978833	26.719229	1561.728462	0.006127	-0.972514	78.7
30	-0.990959	27.719229	1529.672772	0.005501	-0.974075	94.9
31	-0.969111	28.719229	1498.906551	0.005671	-0.972822	87.4
32	-0.979807	29.719229	1469.353528	0.005735	-0.975082	76.8
33	-0.984913	30.719229	1440.943330	0.006013	-0.970840	85.7
34	-0.968493	31.719229	1413.610925	0.006616	-0.971640	77.5
35	-0.960018	32.719229	1387.296122	0.005545	-0.979064	79.0
36	-0.979213	33.719229	1361.943130	0.004453	-0.982068	85.1
37	-0.995414	34.719229	1337.500166	0.003636	-0.984201	74.6
38	-0.974093	35.719229	1313.919095	0.003915	-0.983183	87.5
39	-0.992360	36.719229	1291.155119	0.003835	-0.984144	82.7
40	-1.002647	37.719229	1269.166494	0.002922	-0.986341	84.4
41	-0.992492	38.719229	1247.914269	0.003342	-0.985263	105.7
42	-0.982457	39.719229	1227.362060	0.003454	-0.983339	82.9
43	-1.002049	40.719229	1207.475842	0.005259	-0.978372	79.2
44	-1.000062	41.719229	1188.223758	0.004228	-0.986669	102.8
45	-1.004446	42.719229	1169.575953	0.003498	-0.985142	82.7
46	-1.015923	43.719229	1151.504416	0.004111	-0.982467	99.1
47	-0.992687	44.719229	1133.982840	0.004634	-0.984519	91.7
48	-0.997524	45.719229	1116.986498	0.003611	-0.985863	79.2
49	-0.996101	46.719229	1100.492121	0.004161	-0.983404	82.7
50	-0.993420	47.719229	1084.477795	0.004390	-0.984620	84.7
51	-1.002867	48.719229	1068.922864	0.004945	-0.980749	97.1
52	-0.989251	49.719229	1053.807840	0.006298	-0.978274	85.3
53	-0.986106	50.719229	1039.114321	0.006614	-0.979487	91.3
54	-0.984519	51.719229	1024.824919	0.006497	-0.979515	111.9
55	-1.003735	52.719229	1010.923187	0.004944	-0.986566	104.8
56	-1.018522	53.719229	997.393562	0.003961	-0.987104	81.3
57	-0.981188	54.719229	984.221299	0.003100	-0.988254	95.0
58	-0.977522	55.719229	971.392425	0.003132	-0.987811	80.9
59	-0.981992	56.719229	958.893685	0.003429	-0.986408	87.1
60	-0.997674	57.719229	946.712498	0.004026	-0.987204	86.3
61	-0.983992	58.719229	934.836913	0.004123	-0.986537	88.8
62	-1.001333	59.719229	923.255572	0.003745	-0.987527	80.0
63	-0.984003	60.719229	911.957673	0.003431	-0.987363	91.6
64	-0.981252	61.719229	900.932937	0.004183	-0.986416	81.1
65	-0.992334	62.719229	890.171575	0.004261	-0.986885	77.9
66	-1.007002	63.719229	879.664260	0.003443	-0.988014	85.7
67	-0.979484	64.719229	869.402102	0.003472	-0.987553	76.3
68	-0.990236	65.719229	859.376620	0.003990	-0.986508	89.3
69	-0.979448	66.719229	849.579719	0.003947	-0.988228	91.2
70	-1.000358	67.719229	840.003669	0.003401	-0.987847	85.0
71	-1.017435	68.719229	830.641087	0.003538	-0.988070	92.1
72	-1.004883	69.719229	821.484912	0.003226	-0.989219	108.8
73	-0.985986	70.719229	812.528395	0.003130	-0.988556	78.0
74	-1.002910	71.719229	803.765073	0.003678	-0.987783	94.5
75	-0.991657	72.719229	795.188764	0.004625	-0.985915	88.1
76	-0.977638	73.719229	786.793544	0.003932	-0.988021	82.6
77	-1.000484	74.719229	778.573738	0.003331	-0.989310	88.5
78	-0.996813	75.719229	770.523904	0.003392	-0.987869	99.1
79	-0.984822	76.719229	762.638824	0.003432	-0.989492	84.9
80	-0.998455	77.719229	754.913492	0.002801	-0.989587	85.3
81	-0.999365	78.719229	747.343101	0.002636	-0.989932	80.4
82	-0.977214	79.719229	739.923038	0.002695	-0.989460	82.1
83	-1.004866	80.719229	732.648867	0.002928	-0.989178	85.9
84	-1.009016	81.719229	725.516328	0.002746	-0.990138	87.0
85	-0.998316	82.719229	718.521325	0.002522	-0.990143	77.7
86	-0.982858	83.719229	711.659917	0.002320	-0.989947	90.2
87	-0.981875	84.719229	704.928314	0.002490	-0.990199	79.8
88	-1.006551	85.719229	698.322866	0.002568	-0.989701	82.2
89	-0.998752	86.719229	691.840060	0.002824	-0.990221	100.1
90	-0.981139	87.719229	685.476512	0.002285	-0.990408	87.1
91	-1.002429	88.719229	679.228960	0.002741	-0.990099	80.6
92	-1.004371	89.719229	673.094263	0.002992	-0.989640	83.0
93	-1.001160	90.719229	667.069389	0.002997	-0.990207	92.1
94	-0.978466	91.719229	661.151416	0.002568	-0.989828	89.5
95	-1.001329	92.719229	655.337523	0.002940	-0.989949	79.1
96	-1.007801	93.719229	649.624989	0.002889	-0.989302	88.4
97	-1.001186	94.719229	644.011185	0.002990	-0.990467	84.9
98	-1.005812	95.719229	638.493575	0.002586	-0.990287	86.6
99	-1.010386	96.719229	633.069707	0.002654	-0.990004	80.8
