1:ItNr	2:Metric	3a:Time	3b:StepSize	4:||Gradient||	ExactMetric0	Time[ms]
0	-0.960668	0.000000	12.990743	0.011591	-0.961746	265.0
1	-0.976345	0.000000	12.990743	0.013788	-0.961862	34.0
2	-0.962951	0.999999	12.400255	0.020551	-0.960589	35.0
3	-0.972193	1.999999	11.861113	0.025379	-0.960424	40.0
4	-0.972694	2.999999	11.366900	0.023869	-0.961404	33.9
5	-0.973007	3.999999	10.912224	0.018463	-0.961343	25.5
6	-0.960824	4.999999	10.492523	0.013821	-0.962277	25.7
7	-0.972550	5.999999	10.103911	0.018861	-0.960608	33.3
8	-0.943328	6.999999	9.743057	0.016950	-0.962314	36.0
9	-0.955627	7.999999	9.407090	0.007244	-0.962380	32.1
10	-0.952247	8.999999	9.093520	0.017207	-0.961539	34.6
11	-0.958610	9.999999	8.800181	0.020603	-0.962269	39.0
12	-0.971624	10.999999	8.525175	0.015888	-0.962071	33.5
13	-0.970381	11.999999	8.266836	0.010436	-0.962661	21.5
14	-0.950479	12.999999	8.023694	0.007431	-0.962489	28.4
15	-0.970701	12.997759	8.024223	0.009029	-0.962640	30.8
16	-0.976427	13.997745	7.794948	0.009402	-0.962656	37.6
17	-0.976216	14.997745	7.578408	0.008633	-0.962661	34.1
18	-0.975859	15.989771	7.375163	0.014090	-0.962024	33.8
19	-0.972337	16.989771	7.181028	0.010639	-0.962575	35.1
20	-0.980344	17.989771	6.996850	0.015236	-0.961857	32.2
21	-0.972111	18.989771	6.821884	0.017349	-0.962573	35.3
22	-0.975864	19.989771	6.655456	0.007961	-0.962704	40.0
23	-0.959005	20.989771	6.496954	0.007771	-0.962548	32.0
24	-0.972256	21.989771	6.345826	0.010997	-0.962664	29.1
25	-0.974809	22.989764	6.201570	0.012279	-0.962341	22.6
26	-0.961491	23.989764	6.063726	0.016498	-0.962242	31.3
27	-0.952082	24.989764	5.931876	0.008139	-0.962544	34.4
28	-0.960675	25.989764	5.805639	0.003126	-0.962533	36.5
29	-0.972190	25.909523	5.815570	0.011055	-0.962485	31.1
30	-0.953633	26.054183	5.797691	0.009744	-0.962531	34.8
31	-0.968258	27.054183	5.677042	0.006196	-0.962481	28.7
32	-0.977653	28.054041	5.561328	0.005945	-0.962467	30.9
33	-0.968646	27.973198	5.570508	0.006114	-0.962539	25.1
34	-0.957633	28.971931	5.459177	0.011082	-0.962450	29.8
35	-0.980821	29.835120	5.366479	0.005363	-0.962359	34.4
36	-0.984119	29.769930	5.373370	0.008514	-0.962494	42.8
37	-0.979010	30.667233	5.280050	0.011400	-0.962400	38.1
38	-0.994573	31.667233	5.179797	0.007939	-0.962577	35.1
39	-0.972099	32.663448	5.083639	0.005330	-0.962465	34.6
40	-0.970614	33.663034	4.990678	0.007074	-0.962459	34.1
41	-0.975300	34.586175	4.907796	0.007291	-0.962552	36.4
42	-0.969984	35.560900	4.823219	0.005303	-0.962427	35.0
43	-0.981500	36.521375	4.742682	0.006634	-0.962436	31.9
44	-0.973085	37.373503	4.673449	0.006961	-0.962417	30.7
45	-0.968743	37.579294	4.657031	0.011164	-0.962383	34.0
46	-0.969559	38.376743	4.594486	0.008458	-0.962510	41.6
47	-0.984112	39.374537	4.518554	0.011318	-0.962214	31.5
48	-0.996425	40.374537	4.444931	0.011189	-0.962275	33.5
49	-0.957665	41.374465	4.373674	0.004947	-0.962207	37.6
50	-0.951034	41.292536	4.379427	0.008499	-0.962223	34.4
51	-0.954695	41.739087	4.348256	0.009768	-0.962266	36.3
52	-0.973152	42.739087	4.280036	0.006313	-0.962332	34.7
53	-0.959322	43.739087	4.213924	0.005803	-0.962325	36.6
54	-0.975826	43.657083	4.219269	0.002888	-0.962325	29.3
55	-0.961079	44.425297	4.169727	0.002890	-0.962364	29.8
56	-0.956544	44.707162	4.151840	0.007733	-0.962412	32.8
57	-0.969433	44.641920	4.155966	0.011467	-0.962507	34.4
58	-0.982428	44.900455	4.139662	0.005019	-0.962540	31.5
59	-0.953083	45.899659	4.077832	0.009971	-0.962584	37.8
60	-0.969483	46.898145	4.017865	0.011615	-0.962317	32.1
61	-0.953710	46.816610	4.022696	0.010154	-0.962560	32.3
62	-0.974237	47.816610	3.964241	0.005075	-0.962616	34.1
63	-0.989762	47.734601	3.968970	0.005767	-0.962640	32.9
64	-0.978624	48.204138	3.942042	0.009017	-0.962605	38.2
65	-0.959076	48.122155	3.946717	0.009370	-0.962559	23.8
66	-0.977398	48.155174	3.944833	0.008475	-0.962607	32.6
67	-0.963168	49.155172	3.888603	0.009511	-0.962508	39.8
68	-0.952852	49.073164	3.893154	0.011772	-0.962495	34.7
69	-0.970711	50.073164	3.838377	0.007058	-0.962407	39.2
70	-0.962743	50.863740	3.796151	0.004124	-0.962398	36.9
71	-0.952610	51.759532	3.749414	0.006457	-0.962487	31.6
72	-0.966359	52.524752	3.710391	0.008220	-0.962508	34.4
73	-0.974243	52.442744	3.714534	0.006224	-0.962491	28.3
74	-0.951401	52.362706	3.718587	0.005698	-0.962524	25.4
75	-0.978059	53.267123	3.673302	0.009120	-0.962476	33.5
76	-0.981640	54.267122	3.624499	0.004160	-0.962520	34.0
77	-0.965537	55.266933	3.576984	0.006213	-0.962553	34.3
78	-0.954734	55.490741	3.566518	0.002985	-0.962533	32.4
79	-0.952784	55.445895	3.568610	0.004865	-0.962529	34.2
80	-0.977718	55.382712	3.571562	0.010023	-0.962604	30.8
81	-0.969551	56.380588	3.525504	0.005113	-0.962604	31.8
82	-0.956345	57.380204	3.480542	0.008122	-0.962580	37.6
83	-0.974933	58.269691	3.441487	0.007976	-0.962631	30.9
84	-0.972915	59.251802	3.399370	0.007307	-0.962520	32.5
85	-0.975742	60.251718	3.357536	0.006641	-0.962542	35.8
86	-0.950854	60.459942	3.348954	0.008963	-0.962367	38.1
87	-0.972046	60.416142	3.350756	0.010106	-0.962370	38.0
88	-0.975426	61.415981	3.310106	0.006268	-0.962234	35.2
89	-0.973471	61.343823	3.313006	0.008417	-0.962384	33.0
90	-0.976902	62.343756	3.273258	0.008248	-0.962430	36.6
91	-0.980497	62.261752	3.276482	0.004416	-0.962368	38.9
92	-0.948298	62.282428	3.275668	0.008957	-0.962397	25.5
93	-0.967606	63.281125	3.236853	0.005445	-0.962400	35.3
94	-0.971976	63.199120	3.240005	0.004933	-0.962366	37.1
95	-0.964902	64.188005	3.202394	0.007495	-0.962456	37.2
96	-0.936671	65.183959	3.165387	0.006480	-0.962381	38.5
97	-0.976618	66.183119	3.129110	0.005668	-0.962444	34.6
98	-0.967677	66.464695	3.119037	0.010648	-0.962503	34.9
99	-0.969990	66.390707	3.121677	0.007002	-0.962551	35.9
